0 0 2000 453
0 0 2030 678
0 0 2060 108
1 1 2090 234
0 0 2120 667
2 2 2150 421
0 0 2180 394
1 1 2210 579
0 0 2240 459
0 0 2270 362
2 2 2300 631
1 1 2330 255
0 0 2360 512
0 0 2390 376
0 0 2420 297
2 2 2450 512
1 1 2480 688
0 0 2510 499
0 0 2540 244
0 0 2570 714
0 0 2600 189
1 1 2630 603
0 0 2660 401
0 0 2690 372
0 0 2720 596
2 2 2750 421
0 0 2780 762
0 0 2810 346
1 1 2840 209
0 0 2870 634
0 0 2900 731
2 2 2930 631
1 1 2960 312
0 0 2990 128
0 0 3020 497
2 2 3050 341
1 1 3080 697
0 0 3110 106
1 1 3140 453
0 0 3170 682
0 0 3200 512
0 0 3230 221
2 2 3260 621
0 0 3290 663
0 0 3320 134
2 2 3350 238
0 0 3380 678
1 1 3410 346
0 0 3440 509
0 0 3470 529
0 0 3500 753
0 0 3530 149
0 0 3560 629
2 2 3590 513
1 1 3620 631
0 0 3650 784
1 1 3680 198
0 0 3710 692
1 1 3740 519
0 0 3770 106
2 2 3800 81
0 0 3830 559
0 0 3860 290
0 0 3890 184
0 0 3920 712
2 2 3950 413
1 1 3980 522
0 0 4010 767
0 0 4040 126
0 0 4070 461
3 3 4100 641
0 0 4130 201
1 1 4160 473
0 0 4190 590
0 0 4220 115
0 0 4250 368
0 0 4280 639
0 0 4310 427
0 0 4340 738
1 1 4370 154
0 0 4400 586
2 2 4430 511
1 1 4460 358
0 0 4490 756
0 0 4520 412
0 0 4550 548
0 0 4580 169
1 1 4610 662
0 0 4640 543
2 2 4670 521
0 0 4700 227
0 0 4730 600
0 0 4760 388
2 2 4790 329
1 1 4820 104
0 0 4850 471
0 0 4880 326
0 0 4910 468
0 0 4940 777
0 0 4970 613
1 1 5000 263
0 0 5030 714
0 0 5060 471
0 0 5090 627
0 0 2000 312
0 0 2030 523
0 0 2060 234
1 1 2090 741
0 0 2120 173
2 2 2150 219
0 0 2180 531
1 1 2210 312
0 0 2240 352
0 0 2270 631
2 2 2300 91
1 1 2330 142
0 0 2360 762
0 0 2390 251
0 0 2420 452
2 2 2450 791
1 1 2480 121
0 0 2510 123
0 0 2540 525
0 0 2570 675
0 0 2600 123
1 1 2630 366
0 0 2660 131
0 0 2690 575
0 0 2720 314
2 2 2750 611
0 0 2780 761
0 0 2810 541
1 1 2840 562
0 0 2870 789
0 0 2900 123
2 2 2930 124
1 1 2960 652
0 0 2990 781
0 0 3020 213
2 2 3050 871
1 1 3080 631
0 0 3110 241
1 1 3140 243
0 0 3170 641
0 0 3200 523
0 0 3230 213
2 2 3260 231
0 0 3290 652
0 0 3320 123
2 2 3350 311
0 0 3380 671
1 1 3410 645
0 0 3440 678
0 0 3470 785
0 0 3500 312
0 0 3530 235
0 0 3560 325
2 2 3590 635
1 1 3620 745
0 0 3650 123
1 1 3680 434
0 0 3710 678
1 1 3740 65
0 0 3770 456
2 2 3800 148
0 0 3830 123
0 0 3860 213
0 0 3890 531
0 0 3920 321
2 2 3950 819
1 1 3980 671
0 0 4010 745
0 0 4040 324
0 0 4070 123
3 3 4100 664
0 0 4130 536
1 1 4160 345
0 0 4190 434
0 0 4220 412
0 0 4250 361
0 0 4280 234
0 0 4310 568
0 0 4340 897
1 1 4370 413
0 0 4400 314
2 2 4430 812
1 1 4460 678
0 0 4490 764
0 0 4520 133
0 0 4550 132
0 0 4580 143
1 1 4610 653
0 0 4640 436
2 2 4670 345
0 0 4700 64
0 0 4730 628
0 0 4760 432
2 2 4790 812
1 1 4820 451
0 0 4850 254
0 0 4880 179
0 0 4910 732
0 0 4940 831
0 0 4970 236
1 1 5000 253
0 0 5030 682
0 0 5060 472
0 0 5090 312
0 0 5000 200
0 0 5000 250
0 0 5000 300
0 0 5000 350
0 0 5000 400
0 0 5000 450
0 0 5000 500
0 0 5000 550
0 0 5100 300
0 0 5100 350
0 0 5100 400
0 0 5100 450
0 0 5100 500
0 0 5100 550
0 0 5100 600
0 0 5100 650
0 0 5200 300
0 0 5200 350
0 0 5200 400
0 0 5200 450
0 0 5200 500
0 0 5200 550
0 0 5200 600
0 0 5200 650
1 1 5300 400
1 1 5300 450
1 1 5300 500
1 1 5300 550
1 1 5300 600
1 1 5300 650
1 1 5300 700
1 1 5300 750
1 1 5400 500
1 1 5400 450
1 1 5400 500
1 1 5400 550
1 1 5400 600
1 1 5400 650
1 1 5400 700
1 1 5400 750
0 0 5500 200
0 0 5500 250
0 0 5500 300
0 0 5500 350
0 0 5500 400
0 0 5500 450
0 0 5500 500
0 0 5500 550
0 0 5600 600
0 0 5600 650
0 0 5600 700
0 0 5600 750
0 0 5600 800
0 0 5600 750
0 0 5600 700
0 0 5600 650
2 2 5750 600
2 2 5750 550
2 2 5750 500
2 2 5750 450
2 2 5750 400
2 2 5750 350
4 4 5950 200
