6 6 2000 500
6 6 2200 200
6 6 2400 300
6 6 2600 800
6 6 2800 300
6 6 3000 500
6 6 3200 700
6 6 3400 100
6 6 3600 200
6 6 3800 400
5 7 2000 200
5 7 2200 500
5 7 2400 800
5 7 2600 300
5 7 2800 500
5 7 3000 300
5 7 3200 100
5 7 3400 700
5 7 3600 400
5 7 3800 200
0 0 2000 453
0 0 2030 678
0 0 2060 108
1 1 2090 234
0 0 2120 667
2 2 2150 421
0 0 2180 394
1 1 2210 579
0 0 2240 459
0 0 2270 362
2 2 2300 631
1 1 2330 255
0 0 2360 512
0 0 2390 376
0 0 2420 297
2 2 2450 512
1 1 2480 688
0 0 2510 499
0 0 2540 244
0 0 2570 714
0 0 2600 189
1 1 2630 603
0 0 2660 401
0 0 2690 372
0 0 2720 596
2 2 2750 421
0 0 2780 762
0 0 2810 346
1 1 2840 209
0 0 2870 634
0 0 2900 731
2 2 2930 631
1 1 2960 312
0 0 2990 128
0 0 3020 497
2 2 3050 341
1 1 3080 697
0 0 3110 106
1 1 3140 453
0 0 3170 682
0 0 3200 512
0 0 3230 221
2 2 3260 621
0 0 3290 663
0 0 3320 134
2 2 3350 238
0 0 3380 678
1 1 3410 346
0 0 3440 509
0 0 3470 529
0 0 3500 753
0 0 3530 149
0 0 3560 629
2 2 3590 513
1 1 3620 631
0 0 3650 784
1 1 3680 198
0 0 3710 692
1 1 3740 519
0 0 3770 106
2 2 3800 81
7 5 4000 200
