2 2 2050 719
1 0 2342 177
2 1 2672 649
0 0 2751 581
0 0 2871 603
2 0 3109 849
1 1 3250 681
3 3 3440 381
2 1 3488 197
4 4 3830 144
0 2 3906 131
2 1 4078 638
2 2 4162 271
1 1 4782 356
0 0 4944 688
0 1 5074 80
0 1 5117 756
1 2 5360 790
1 2 5364 325
0 0 5653 371
3 3 5816 371
2 2 5837 630
2 0 5965 640
0 2 5975 279
1 0 6380 692
1 2 6455 252
0 2 6568 710
1 0 6664 321
1 2 6764 198
2 0 6888 776
3 3 6942 631
1 1 6962 391
0 2 7006 170
0 1 7032 393
2 1 7083 227
1 1 7636 918
2 2 8030 147
0 1 8415 570
2 2 8833 105
2 2 8875 615
